0,511
0,510
0,509
0,508
0,507
0,506
0,505
55,4
55,3
55,2
55,1
55,0
54,3
54,2
0,504
54,1
54,0
0,503
0,502
53,3
53,2
0,501
53,1
53,0
0,500
52,5
52,4
52,3
52,2
52,1
52,0
0,499
0,498
0,497
51,4
0,496
51,3
51,2
51,1
51,0
50,3
50,2
50,1
50,0
49,3
49,2
49,1
49,0
48,4
48,3
48,2
48,1
48,0
47,3
47,2
47,1
47,0
0,495
0,494
0,493
0,492
0,491
46,3
46,2
46,1
46,0
0,490
0,489
45,5
0,488
0,487
0,486
0,485
45,4
0,484
0,483
45,3
45,2
0,482
45,1
45,0
0,481
0,480
44,4
0,479
0,478
0,477
44,3
44,2
0,476
44,1
44,0
0,475
0,474
0,473
0,472
0,471
0,470
43,3
43,2
43,1
43,0
0,469
0,468
42,3
42,2
0,467
42,1
42,0
0,466
0,465
0,464
41,4
0,463
0,462
0,461
41,3
41,2
41,1
41,0
0,460
0,459
0,458
0,457
0,456
0,455
0,454
0,453
0,452
0,451
40,3
40,2
40,1
40,0
39,5
0,450
39,4
39,3
39,2
39,1
39,0
0,449
0,448
38,4
38,3
38,2
